GPU
229 359 286 415 340 349 314 315 377 273 331 327 431 376 328 452 
323 433 335 498 449 455 458 400 524 407 379 454 599 504 422 595 
219 292 278 386 287 287 330 293 315 273 305 317 406 351 302 361 
340 406 293 479 423 448 385 338 414 361 413 441 612 463 408 516 
231 247 210 327 246 330 279 260 351 257 279 327 418 305 342 318 
237 276 276 372 247 342 316 231 376 316 259 367 463 359 417 392 
290 357 298 416 439 349 410 337 463 330 353 390 486 486 435 522 
173 176 142 188 181 197 206 149 262 140 194 184 296 216 237 272 
238 251 231 299 273 294 317 254 254 232 275 279 373 321 343 331 
117 186 208 228 203 278 240 204 251 209 168 216 293 235 278 269 
261 336 247 372 372 344 322 342 380 294 317 368 427 389 291 442 
202 246 268 348 300 305 315 251 385 224 291 291 391 374 399 406 
255 314 220 312 241 358 341 261 357 188 292 260 353 256 373 397 
215 272 292 317 326 357 290 292 357 250 315 315 485 393 359 426 
259 360 318 418 274 440 312 302 292 318 301 349 491 322 373 406 
209 313 290 370 303 362 335 282 371 289 306 304 465 282 332 441 
CPU
229 359 286 415 340 349 314 315 377 273 331 327 431 376 328 452 
323 433 335 498 449 455 458 400 524 407 379 454 599 504 422 595 
219 292 278 386 287 287 330 293 315 273 305 317 406 351 302 361 
340 406 293 479 423 448 385 338 414 361 413 441 612 463 408 516 
231 247 210 327 246 330 279 260 351 257 279 327 418 305 342 318 
237 276 276 372 247 342 316 231 376 316 259 367 463 359 417 392 
290 357 298 416 439 349 410 337 463 330 353 390 486 486 435 522 
173 176 142 188 181 197 206 149 262 140 194 184 296 216 237 272 
238 251 231 299 273 294 317 254 254 232 275 279 373 321 343 331 
117 186 208 228 203 278 240 204 251 209 168 216 293 235 278 269 
261 336 247 372 372 344 322 342 380 294 317 368 427 389 291 442 
202 246 268 348 300 305 315 251 385 224 291 291 391 374 399 406 
255 314 220 312 241 358 341 261 357 188 292 260 353 256 373 397 
215 272 292 317 326 357 290 292 357 250 315 315 485 393 359 426 
259 360 318 418 274 440 312 302 292 318 301 349 491 322 373 406 
209 313 290 370 303 362 335 282 371 289 306 304 465 282 332 441 
